1722.291727396824	0	0	0	0	0	0	0	0	0	0	0	0	0	0	0	0	0	0	0	0	0	0	0	0	0	0	0	0	0	0	0	0	0	0	0	0	0	0	0	0	0	0	0	0	0	0	0	0	0	0	0	0	0	0	0	0	0	0	0	0	0	0	0	0	0	0	0	0	0	0	0	0	0	0	0	0	0	0	0	0	0	0	0	0	0	0	0
0	344.64828168058466	-736.779902650655	226.06191110739044	-171.96635240466367	-7.000952803838647	-248.5959264747138	211.31016342774845	-446.6881769348882	89.59638958806244	410.784084931675	3.686606732355357	253.441310395348	1.1271074524156972	-231.72108234175033	-217.3733196109658	-68.73246778060424	248.66306594381382	-14.36824333592424	87.34588977157003	-328.9210083451804	-23.397130286895496	-69.49478096754929	11.63287588078565	-64.61988419950752	-760.590165804517	-90.76260772987196	-36.821068925239885	464.336910147497	181.14495793090964	-71.52731166116274	161.99301453031487	205.96584936609648	-184.40710532707482	46.84892778720821	351.96990833520107	14.65992678496368	-368.27402111065743	193.8583433113174	-1388.9590809594606	76.61386863682749	624.8286276654585	60.823894239012326	4.566244505419244	582.6131767324838	196.28918023818298	-383.2544478146557	68.98892345474279	-314.9642251548497	-7.582503174457359	243.58384932279517	-148.28579514095458	75.91273843408594	210.4721454755816	35.78114395940041	473.4513801468477	-204.33882076884845	-469.6217314379651	-144.1060101640774	-318.1448381087737	83.4394182248553	-359.62156613165666	39.33712525501604	4.5286947017597985	177.70359863250428	-41.72539888864203	630.552263702669	57.52352077054443	150.0850404979531	-274.0210483093385	-168.7205094466238	156.7124921306669	4.687181295750997	-218.0553078141935	18.092139254271785	530.2928701172503	-263.8982279626324	86.30270524657088	-210.94089348928446	-232.06801164626594	57.40429959663925	0	0	0	0	0	0	0
0	-736.779902650655	1646.4220199565466	-529.5177857108813	380.84202313844526	14.474080402686443	430.6277694961052	-423.1442231020295	813.9631218843543	-229.75100474835128	-741.6746744941936	-26.975597324368565	-536.4489160723695	-68.58307714798262	518.8980559713236	452.48933477590214	149.5249677740489	-482.4133279030988	19.279470216660197	-243.78140611003428	611.9336817746146	59.66889296489867	24.341483624591792	-52.52843911828726	141.98314894086164	1766.7409213376106	179.74218673339215	85.43566243203172	-906.7886383336951	-332.8139654476376	148.0853405265509	-367.02269342101	-488.89277136803764	516.7505807722465	-141.06849069866973	-422.0216004586214	-62.25828729641598	831.1942911783993	-383.7754507863292	2761.735819787268	-108.90378417773258	-1343.77786189319	-139.63933305967237	-11.655924249213568	-1308.4652241779497	-313.1010576216112	764.9377063466195	-136.60299765225383	735.2658663705921	-24.79913584973199	-612.616687266745	359.28391255568886	-190.10417567386202	-285.96189404546493	-306.0836427772424	-1139.6168263817822	475.4913296780537	1062.5143416222884	260.03679267786254	706.4733213622064	-244.60953073576542	692.8673651587711	-117.92654376281062	-28.755410192575635	-365.83521965767596	60.32846474688146	-1309.6945573343	-165.84621282439002	-447.7023214742563	578.0973371529807	449.9229835528568	-335.8575226619909	-102.49663770965648	453.3558025392661	54.50091194552147	-1264.2991516178674	621.7020095222578	-296.10049920918163	462.41188075932496	484.9623129861336	-151.03276351607883	0	0	0	0	0	0	0
0	226.06191110739044	-529.5177857108813	178.25527376663473	-121.36298926845224	-4.272934072862239	-97.71544727678588	120.07239454636887	-201.63039759416407	83.5371170210828	180.97508846941207	14.794422133681357	162.76896476818908	43.63046448793591	-167.24246436059306	-134.66847208060182	-46.76212534080349	131.23186586572058	-2.0116768230154993	94.27327856076496	-156.61760714007477	-21.602153115831296	34.93326346626131	25.55838471838024	-44.87476831199605	-590.1294814529801	-50.27232985142771	-28.507709196638118	248.91801749473987	83.53540003683537	-43.78961116083263	119.68339468291593	166.58783527360913	-200.37565554115423	57.249423829600566	16.705060980490146	29.656053678829196	-270.01794367680446	107.28969557806082	-776.5249327618488	14.681960273554147	415.04652968001795	46.125538205120385	4.222924908362455	422.9629315456073	59.70748133911315	-216.14172279727916	38.19946430195992	-246.7410853947313	21.606815058635643	219.33099795469568	-124.66959905975202	67.82455203146455	31.76758000835472	172.28209245828984	393.1774616789421	-159.0887813555207	-345.9970939962975	-63.39142437220126	-225.7579638233836	97.66059711871057	-186.67345541719047	47.731079568527406	15.333555241457333	107.44967565078943	-8.655488548621257	388.7784919848948	65.52012033833404	180.66610357201822	-174.74679675468064	-168.5071130914185	103.33653532794793	63.01413927207622	-134.73243507836645	-48.52726790479544	432.51440999475017	-210.39631289177782	128.9457194530083	-145.79363936084724	-144.9934638953713	56.00560725902468	0	0	0	0	0	0	0
0	-171.96635240466367	380.84202313844526	-121.36298926845224	88.25284901279633	3.4020060858106023	105.36595458714481	-100.14012705388329	196.7710571368516	-51.78366660041321	-179.68359569900673	-5.376375332286626	-125.46634776217984	-12.819822242156345	119.97865347028852	106.20014525079044	34.774729279117594	-114.96519119675212	5.050789958447106	-54.15078705079962	147.22131151408837	13.461970743099576	11.665292190671753	-10.927865711602951	32.954237616895355	405.5808368311427	42.64054800659051	19.617170388045558	-215.7827205713729	-80.30173481951289	34.79587409197918	-84.66603120512049	-111.7684865754384	114.70854293135473	-30.954784607196263	-114.41713474092766	-13.041862878566317	191.88782930919484	-91.050620576994	654.5939425784305	-28.06201793845439	-313.2541636663907	-32.12918283091319	-2.629271454232348	-302.36585588948606	-78.20981285514998	181.15767937905076	-32.407581332910894	168.62908047445717	-3.812747950402799	-138.55991892697503	81.82101315086258	-43.03069623381385	-74.64332456553423	-60.3810623005317	-259.84845808940986	109.11856663801971	245.17226811332347	63.00688005708634	163.62332610878607	-53.90189868485771	165.37429097480575	-25.894608971362757	-5.792770042061011	-86.06392851408383	15.471564941344925	-307.5302704833316	-36.64365746666267	-98.38418181843178	135.30022606625394	100.71457437719405	-78.34947510541019	-19.46829752951679	106.43087271034626	8.232187635091396	-288.7970275093401	142.33475546495364	-63.73451146993852	107.37571181826446	113.72840726908073	-33.887461073168026	0	0	0	0	0	0	0
0	-7.000952803838647	14.474080402686443	-4.272934072862239	3.4020060858106023	0.14561019226371902	5.745468684871312	-4.489688312276586	10.046370654310468	-1.5563064162634157	-9.286219363844598	0.05687258895200493	-5.185161110960253	0.43373012014478535	4.544652694609177	4.499798449590642	1.3783092508715296	-5.390480859021808	0.3707839831097759	-1.3805773091661186	7.310969460715807	0.4086766718733096	2.26885817259208	-0.045436888652603535	1.2861438038573243	14.478733036924725	1.942281497853522	0.7015836606878033	-10.024685998621758	-4.0552663152322665	1.4862440856722778	-3.1476515794676416	-3.8485981543994856	2.9004132969193233	-0.6693192692811113	-9.429648834940243	-0.08443996698095207	7.177887137934621	-4.149403753813993	29.646517797309865	-1.9349726467260786	-12.636896423515552	-1.1692112677363784	-0.0796839507976271	-11.40028964233151	-4.722323644946752	8.160371880803698	-1.4764688434200748	5.970533067343833	0.43700382900418483	-4.313921088837852	2.7204107126159647	-1.3500708748998194	-5.406918909981489	0.8574447215590673	-8.737671492894082	3.8840221935880215	9.135424872035166	3.2586938787674096	6.280741438889999	-1.2378830327410038	7.82900381123661	-0.5656081166208599	0.039626348932644946	-3.706735044001847	1.0468034826414385	-13.07278399671637	-0.8726456848814035	-2.1733769082363597	5.619395130140185	2.8115034780269013	-3.1775435551634335	0.5429144216276902	4.517733278174915	-1.0104774300578576	-9.87044994521948	4.963549355315001	-0.9829745172958342	4.20577661534359	4.790988573984947	-0.9706842214730094	0	0	0	0	0	0	0
0	-248.5959264747138	430.6277694961052	-97.71544727678588	105.36595458714481	5.745468684871312	321.75094899198	-192.8115039526369	521.3498587658898	-10.634095985363606	-489.1416922679737	24.319002972096943	-190.36857570444656	92.68224258269514	133.89485519682728	174.03704129925495	45.91684585053652	-248.83546008620146	26.52235536639133	17.609891721060734	366.1414648936112	3.240548590451576	225.63826869712108	30.689372273470763	41.18439463942174	349.7230472162656	85.65414206353739	17.063816561278266	-456.2352473042831	-207.5675159276214	58.40838024512257	-87.57357782933897	-79.91987617803099	-40.106552923742946	24.01720068409583	-720.7066447278594	33.110097316140205	203.60069970600964	-183.1350202401658	1295.0949626428867	-132.7996202447198	-439.33718481408476	-30.292400289685585	-0.6171907872479261	-331.27136777690964	-292.08486070919514	353.26573154690743	-65.13360519801117	139.665725868729	63.40975151555155	-45.86893053448943	47.21899455505208	-15.449895983025783	-383.49785083302714	298.57609218444173	-161.38106015042482	92.76660480888839	255.9880456230359	171.80354951890902	192.24705049945243	33.396843716015574	366.6648083205069	19.427481781291288	23.68280725086313	-148.03589955045726	70.88785480948098	-508.9089838968956	19.083803321271006	70.97321318412152	208.52797689135608	-4.382081119199458	-111.84795738951222	127.2771954568301	175.36463467153942	-144.69884242911476	-197.90486505773214	109.04313689014761	95.43371894005526	135.94936812298369	183.14005069916556	-1.3997098494207652	0	0	0	0	0	0	0
0	211.31016342774845	-423.1442231020295	120.07239454636887	-100.14012705388329	-4.489688312276586	-192.8115039526369	141.0127868085012	-330.348635339279	39.62201594747646	306.54565743880335	-5.39019044624958	157.53353152192835	-25.8224951816047	-132.6443827134403	-138.16591344800386	-41.10319312780221	172.16142945844783	-13.391687745457718	30.69304876819168	-238.21824981921273	-10.478321677455078	-92.38037602516451	-3.950105569851119	-38.08087859915284	-409.92927094933736	-61.372817239190425	-19.882964959297645	319.0940561316648	132.87273098384216	-45.7874537797404	91.01972805245161	106.81525032247234	-63.96968745460533	12.330216496253362	348.183566724236	-3.39981752449891	-208.20309985725004	131.13842530480127	-934.752109388217	68.96166920320658	379.87414364888565	33.44118033016282	2.040653724239104	331.9806858818178	163.02778384914816	-256.7659292020616	46.65749639622448	-168.29153164175708	-21.079833406905994	112.52860092530793	-73.97554663515564	35.396962433317015	194.7455756204291	-70.05165073089512	239.2026720227105	-109.79359399813777	-264.4668124919525	-107.59772513762198	-184.50214080181428	24.620090154374967	-250.90998154786146	10.562681515914438	-4.865725196385648	114.58461248945913	-37.15024381575173	401.9419446090794	18.090554630202583	41.19350485053221	-171.09146681933865	-67.69142800751723	95.74603829008099	-34.17845552500367	-138.82103455783715	48.42586021299871	272.78387514142975	-138.74349794954253	8.197413992778845	-124.73684738077642	-146.75116877755602	23.85059601068485	0	0	0	0	0	0	0
0	-446.6881769348882	813.9631218843543	-201.63039759416407	196.7710571368516	10.046370654310468	521.3498587658898	-330.348635339279	857.3874113042967	-40.63313237900021	-802.0301637502718	32.941928286382975	-339.0484928118161	129.26130089714667	253.84270143472972	305.8423249726672	83.9646183455141	-419.42100516221683	41.21454702458234	-0.49610323787247923	606.5140513563255	11.259051995828937	335.4647173265611	39.563703327823724	76.16521375582899	707.6916855780062	145.85918378894962	34.446581527056836	-771.4213688375436	-342.3055445790214	102.23359377807942	-169.0263188927261	-170.9702423702062	-3.046525146146725	20.107943690445687	-1108.8840974539041	42.07780873990462	390.5712136448517	-311.8007285395025	2210.178696147463	-207.70782413544032	-793.94697926865	-59.844769758304444	-2.1760333541215053	-630.7130005696058	-464.8300207020129	604.1360502777924	-110.90663936061846	285.8492465057831	90.83800508265769	-134.17892909381814	108.66207054391609	-43.43148141040838	-596.7193480973384	407.17033362173896	-361.7864591017853	188.46425931678374	492.9617165730718	281.6503426982234	360.28144934950296	22.700088492488888	616.0742090071953	15.850880648435016	31.810263456162033	-258.08067898797066	111.11199008840657	-892.8660200170167	10.140571965806089	56.07318339762634	370.3564327088873	42.391385320752285	-201.4475002369885	176.60712813763175	307.89464117544685	-207.51608820028787	-429.198580406404	228.34885620828157	108.61472716745037	250.7395824349456	322.7955617202255	-18.464552833472958	0	0	0	0	0	0	0
0	89.59638958806244	-229.75100474835128	83.5371170210828	-51.78366660041321	-1.5563064162634157	-10.634095985363606	39.62201594747646	-40.63313237900021	43.75796740887344	33.69134708482955	11.18464755066781	63.019923187064094	35.733021668470464	-72.84154911276016	-49.97257034532831	-19.255404625364786	38.30902748001392	2.389753074358629	53.26367549614817	-36.65133152499172	-11.251201881918197	48.462642050112215	17.837758745496583	-18.855704424624058	-273.1184105452858	-15.943136862053379	-13.17145281306339	74.72875242853138	17.93913934093025	-16.011115048922814	53.20841421042641	79.56382008457034	-113.56167229980652	34.092153007884406	-85.45523829930796	20.369918817464356	-119.25363140011648	33.98150754612649	-249.92786500329134	-9.47433306505299	166.73710352984722	20.95968628557248	2.2015916692569797	185.18333491816793	-6.020124384350082	-70.51232080590466	12.107947259066398	-115.0542628951517	19.991551883264112	112.53574407126749	-61.193945748075144	34.6339233940322	-33.10594520053464	132.26226967560208	191.3567457830935	-73.82635467480063	-153.45265636738628	-11.739895587328995	-96.81942228856997	57.164196292048864	-52.82800877085728	28.34574534111853	11.392645785403777	38.66945932585917	4.615051334834315	143.41830288371042	37.91572576239527	106.95520095662373	-67.1132908610382	-91.65315228979853	41.19051921804042	50.74534906797069	-49.8330955510836	-45.199117834720234	207.83024144532138	-99.42440108207526	82.20692232052356	-60.979040947655065	-54.35986201442096	30.087718189941935	0	0	0	0	0	0	0
0	410.784084931675	-741.6746744941936	180.97508846941207	-179.68359569900673	-9.286219363844598	-489.1416922679737	306.54565743880335	-802.0301637502718	33.69134708482955	750.6928331834009	-32.130770379773914	312.3110271347637	-125.23659808813483	-231.17582943317734	-282.4332304261961	-76.96649602389485	390.43836574043996	-39.001850369679865	-5.031856898004221	-566.5381634707237	-9.425742164930938	-320.4493400063387	-39.04419944465278	-69.67376460049567	-637.2679809285241	-135.50955994808982	-31.03138068982896	717.674301015632	320.02736590512296	-94.48021485319178	153.44738911024035	152.55467084110347	14.587588882391893	-22.42734492009388	1051.5353090553876	-41.66967344837505	-354.95429184111885	289.6868207250199	-2052.491282684908	196.2913372926448	729.3578140305862	54.11001566069462	1.8189151760147717	573.960281997563	437.71375126669335	-560.8066281858671	103.0386354263069	-256.91487704761414	-87.48115264257163	114.55514027130239	-95.86090756301563	37.264576712041574	564.5289121405473	-396.5266317715376	320.444072148608	-169.5970432091623	-447.70453277803614	-263.63157309272	-328.7878644735215	-27.246513201088725	-573.8579371934171	-17.831116910784715	-31.088106638849798	238.68846573628815	-104.95803081064061	824.7812526856924	-13.449458045973989	-63.76801712207417	-341.32817951135524	-30.400507798739888	185.17450229428906	-171.30687365212222	-284.37747696586797	199.79887678805386	382.1329791012101	-204.45915262027708	-110.61951830625298	-229.48243723443835	-297.9219238731399	14.256795559093009	0	0	0	0	0	0	0
0	3.686606732355357	-26.975597324368565	14.794422133681357	-5.376375332286626	0.05687258895200493	24.319002972096943	-5.39019044624958	32.941928286382975	11.18464755066781	-32.130770379773914	5.149179700820897	1.2790033299944479	17.720332572985775	-8.775607520931635	0.9410649463154058	-1.4284472403340354	-10.498700539651809	2.906774169928855	16.202613876614674	20.89371320132864	-2.832948621786686	32.49902904516413	7.5263411589153755	-1.7189476930589422	-45.80677227191391	2.852573816299476	-2.192310583874036	-18.00912547161597	-12.628771825778442	0.5257679268505998	7.277095279556716	15.204531021611906	-34.7619972726021	11.450419384764608	-84.654000509571	8.43075984798555	-15.689232861180669	-6.128327951471176	40.682138015401414	-13.866371855466822	8.834049572286256	3.222722637499158	0.5557726673197041	23.08312382513807	-26.405658249674094	10.450949847284155	-2.173485065953445	-19.945444107567763	10.892990025687775	27.195529448906814	-12.901112715807814	8.256731104229782	-41.6302068949436	61.82225894103507	39.17982665927988	-12.531638532856945	-20.696820623998708	11.31131459253285	-10.454931738858376	18.617232998770803	16.470222737330573	9.474521334516853	5.152733435452064	-1.8602649080845515	7.279648304594186	-3.499887335471843	12.088533124167062	35.55212418519747	-0.8712360689920138	-25.684824630120858	1.9015617453021734	24.79716791562635	1.0920488880741623	-24.741173626403786	40.635639834148805	-18.222732278358396	30.78900432402011	-5.325269766770503	0.500472474979142	8.19133149899194	0	0	0	0	0	0	0
0	253.441310395348	-536.4489160723695	162.76896476818908	-125.46634776217984	-5.185161110960253	-190.36857570444656	157.53353152192835	-339.0484928118161	63.019923187064094	312.3110271347637	1.2790033299944479	186.77246299182394	-4.133848995804673	-168.6342211472739	-160.7634713431562	-50.348980393935975	186.54505838295952	-11.423547710964204	59.95197723411212	-248.7174694206766	-16.481578904769567	-60.419895972522966	6.480018765828076	-47.2310019017726	-548.752089909209	-67.81489306046534	-26.57281333921289	347.89474492512096	137.289340172283	-52.96024284894758	117.56976508637214	147.81590719711576	-126.41688514215635	31.382430210397597	283.60444564569	8.461611642443424	-267.52191574087226	144.85466786900008	-1036.9527038783713	60.454609138719015	458.8726885130477	44.0067675973583	3.2157785038464333	423.7092404474859	152.33214978297235	-285.90855488919556	51.5477656468622	-226.96731243806283	-8.651337803482546	172.2310951653825	-105.87279322284132	53.73700210017529	167.07090789414642	9.093894326796336	338.5975043811247	-147.36364311102275	-340.9496418157207	-109.57205393516392	-231.9754316884236	56.39090692866155	-270.1458626083111	26.389754861946123	1.8997713924793789	131.73054286920924	-32.848456551586104	466.5553335928479	39.08529245817041	100.85341874284062	-202.0819914179705	-117.37837709278492	115.17731320669095	-3.4884910874813726	-161.3093367912867	20.29213559723185	380.1589944527205	-189.74501199759032	55.09394777494847	-154.25790794296768	-171.48996813142602	40.08944116574346	0	0	0	0	0	0	0
0	1.1271074524156972	-68.58307714798262	43.63046448793591	-12.819822242156345	0.43373012014478535	92.68224258269514	-25.8224951816047	129.26130089714667	35.733021668470464	-125.23659808813483	17.720332572985775	-4.133848995804673	61.373292657542116	-22.580446265041367	10.608590399124722	-2.627244760676683	-44.789024292353474	10.559332958269698	53.19929758078051	83.52659422651149	-9.027009477181869	114.97720897318341	25.690012174721797	-3.7730057771183128	-133.03939930712616	12.953636133374264	-6.353090512873246	-78.10687368277698	-49.88885512024885	4.239727841304355	19.744036418711552	45.73098279110697	-114.23781034411492	38.09894730010064	-305.2725981523545	28.722040894851887	-41.92472309896371	-27.790702614825992	187.934563833493	-50.644703891263774	9.495896901685207	9.112776579442746	1.7717399729093704	60.3042190646775	-98.14575735101393	49.1727460033127	-9.86424033002581	-58.47687977649533	38.006915617490385	86.01536140167217	-39.69787496372425	26.048575904551242	-151.38717118993526	213.04113116418532	119.77845752813454	-36.52282985091352	-55.853398376571654	44.07116868100422	-25.479159706206026	61.699414206697796	69.23427727838252	31.505196709554337	17.70418567505348	-12.453317982814994	26.638592677194897	-33.44191838267448	39.94958462121881	118.13615565077941	6.242600499254134	-83.31026994856012	1.2931290523773937	85.77836418044757	11.154889970497049	-86.35425494814346	122.90245794589644	-54.23270593003009	103.78499113607414	-11.325366866740087	9.578360469095696	26.44751536274512	0	0	0	0	0	0	0
0	-231.72108234175033	518.8980559713236	-167.24246436059306	119.97865347028852	4.544652694609177	133.89485519682728	-132.6443827134403	253.84270143472972	-72.84154911276016	-231.17582943317734	-8.775607520931635	-168.6342211472739	-22.580446265041367	163.5555206620212	142.12380761450677	47.06594112210821	-150.97044480769793	5.888814196528696	-77.54196132115615	191.06296127225568	18.91358319355631	5.758185044398802	-16.942935223986698	44.71309155668231	557.7992396276018	56.31161970378133	26.972604603138002	-283.8783325714918	-103.8403190058031	46.4999261559335	-115.74697707108345	-154.50136409639939	164.39220963415258	-44.991708209420494	-127.68138843072596	-20.052795053937494	262.08553058452327	-120.23122556530122	865.4102104482847	-33.41259298119383	-422.74781126533395	-44.06409610615193	-3.694781721033041	-412.48085568236485	-96.84493464826127	239.74637421452508	-42.79617498445769	232.1910195364707	-8.42581194032686	-194.0746037064331	113.64245457844656	-60.21365767701699	-87.4319148787047	-99.7715968129701	-360.36254159147455	150.13497730409603	335.0608174074771	81.04933065931198	222.59199483569003	-77.94261216841463	216.75075338391116	-37.60525657160241	-9.335056571885291	-114.84239636470416	18.53264724200057	-411.3209719938217	-52.81433348200317	-142.74222728482897	181.69702646717442	142.86607528626433	-105.6417808720532	-33.64817882573551	142.38728229482632	18.563986745301015	-399.62416507118877	196.40745221409887	-94.82975333305562	145.6060829283842	152.3529025879109	-47.933063996499946	0	0	0	0	0	0	0
0	-217.3733196109658	452.48933477590214	-134.66847208060182	106.20014525079044	4.499798449590642	174.03704129925495	-138.16591344800386	305.8423249726672	-49.97257034532831	-282.4332304261961	0.9410649463154058	-160.7634713431562	10.608590399124722	142.12380761450677	139.18750121205116	42.907165830588134	-165.24564418092297	11.018512409930398	-45.330188292133414	223.0586366668987	13.105921809476333	65.08026921360145	-2.605537038353793	40.09950239089767	455.63227628609474	59.68895104175709	22.07383694336942	-307.54890862208987	-123.5611826707191	45.93818506203975	-98.6266857305077	-121.59411595047598	95.34787224482898	-22.54911936138103	-278.5102155456238	-3.9573059647104	224.76355743211383	-127.51136969980011	911.5330725536106	-57.70867927397115	-392.71143266677416	-36.718134352836096	-2.5559401443792256	-356.68876974754846	-142.0228027752007	251.02360550781665	-45.373092719251396	188.05534477961461	11.79721841472474	-137.91252602248883	86.29269401545801	-43.12016429096865	-160.7969486200694	16.705769267820585	-276.8035494772935	122.26537092660473	286.17665520951016	99.10492673133838	196.1496557399999	-41.296153897747175	239.80414027696773	-19.02301550922832	0.4064649471895212	-114.48371479502745	31.255240728629815	-404.2446146242018	-28.94679169623084	-72.96083958632941	174.14469750233354	91.14921474028004	-98.69624241751397	12.862520524126454	139.71881334363042	-27.349641233604064	-312.11215175405397	156.59950387848937	-35.341208064249265	131.08095888259652	148.27443957357812	-31.361948309616483	0	0	0	0	0	0	0
0	-68.73246778060424	149.5249677740489	-46.76212534080349	34.774729279117594	1.3783092508715296	45.91684585053652	-41.10319312780221	83.9646183455141	-19.255404625364786	-76.96649602389485	-1.4284472403340354	-50.348980393935975	-2.627244760676683	47.06594112210821	42.907165830588134	13.80121934398542	-47.80512763891004	2.4502167310702063	-19.490641844342225	62.284042059418155	5.016429181987613	9.349225080244965	-3.3241305611844574	13.02643583771991	156.7936546048098	17.58186960831355	7.587140578466608	-89.48457705078475	-34.14913436952853	14.08940628376315	-33.0581105650012	-42.83921372104483	41.2244323391734	-10.828462840127699	-58.196876964369594	-4.046117711527781	75.03819928778958	-37.547997879510156	269.46213737429395	-13.286516324721966	-124.89998078655479	-12.478934484522336	-0.979410991298849	-118.47546854920172	-35.27823708769184	74.45755545810694	-13.36332020646241	65.06154190754187	0.02331496748511524	-51.91350842827497	31.107407425981844	-16.14913319090191	-36.020630147343155	-15.47120870181175	-99.04781009778871	42.15447080997597	95.7820539816689	26.995026355301892	64.40365849969126	-19.0448412430635	68.96216685785033	-9.07323285622682	-1.5956431193044172	-34.928780624289764	7.273030008316017	-124.35979133548925	-13.028355286961432	-34.53666118275403	54.367966283797834	36.887359806134015	-31.283396007328452	-4.292164994833955	43.02169968879815	-0.2252050449518167	-110.49860632695349	54.71794839739427	-21.26303998781947	42.48384450560666	45.87614642145163	-12.47602194931605	0	0	0	0	0	0	0
0	248.66306594381382	-482.4133279030988	131.23186586572058	-114.96519119675212	-5.390480859021808	-248.83546008620146	172.16142945844783	-419.42100516221683	38.30902748001392	390.43836574043996	-10.498700539651809	186.54505838295952	-44.789024292353474	-150.97044480769793	-165.24564418092297	-47.80512763891004	213.29580351903934	-18.247953755590817	23.701071598476283	-300.18171281835686	-10.230094656429992	-135.74593557769876	-10.66824357376271	-43.97652608521093	-451.75435582524017	-75.33113152536465	-21.934984418713352	394.1858358185724	168.20710237606266	-54.931070533952656	102.59999966350422	115.12291818384979	-48.610214921517475	5.604876162121349	481.6414070152054	-10.729901444015429	-235.45070901400237	160.99009172987328	-1145.1560775930993	93.09575717511692	445.2748647498823	37.26065108253028	1.9890969586225715	376.9595096466801	215.02893636952572	-313.9877277304052	57.272895369239706	-184.55875084950645	-33.73118226719238	112.42132616315291	-77.84975603046574	35.59931833325041	264.85875606250306	-132.40259486907507	253.7403835518983	-120.78741608358315	-298.4691164527988	-137.07058733242536	-211.3810721219888	14.556841395703001	-311.7864450245166	5.066523141580216	-9.877090998684007	137.89838787031758	-50.00066709393679	481.3243898232047	11.957351848492632	20.866742619342617	-203.0102707462644	-60.23573359952907	112.48769176920341	-60.3465889989857	-166.14529627628005	77.26511040894565	292.5681708855002	-150.74437834040975	-14.64309124015698	-144.2904511187088	-175.11800707094514	21.904096524330903	0	0	0	0	0	0	0
0	-14.36824333592424	19.279470216660197	-2.0116768230154993	5.050789958447106	0.3707839831097759	26.52235536639133	-13.391687745457718	41.21454702458234	2.389753074358629	-39.001850369679865	2.906774169928855	-11.423547710964204	10.559332958269698	5.888814196528696	11.018512409930398	2.4502167310702063	-18.247953755590817	2.4320642342425303	5.503490548506304	28.33413142886451	-0.5714698345188475	22.807646494468287	3.9483816758700327	2.078422034539382	9.145778480421857	6.0738915192676854	0.45788100508615764	-33.11942704430425	-16.27637902604782	3.755110140913686	-3.4326779662175793	-0.7994959630330634	-11.951289734254141	4.604933434501778	-67.63174195467619	4.344490560027573	8.315616544966941	-12.994424174450106	91.17031903785484	-11.990071710519757	-24.76085035670201	-0.9951670362440664	0.11325874145070862	-14.19599862786389	-25.256387790771964	24.692708430837317	-4.619918408765025	3.202364097710774	6.889016107738205	4.573189726532525	-0.5950785401940298	1.2942195958823584	-35.05723675848574	35.30732330616767	0.6953601503760096	2.3221631611748865	10.190791523296728	13.705853406535564	9.039655335227232	7.137606834024512	27.1612793267994	3.7827652432863808	2.8684013076584116	-9.661095645188565	6.366964192824528	-32.423512762070914	4.4737208326631	14.075300195390106	12.65758912083816	-7.269011113063808	-6.398364586915341	14.626756754588648	11.141744958159988	-15.688821411225467	-1.1665531479295397	1.778089136284615	14.29014093009132	6.955932836199718	11.461381921801772	2.145237124365657	0	0	0	0	0	0	0
0	87.34588977157003	-243.78140611003428	94.27327856076496	-54.15078705079962	-1.3805773091661186	17.609891721060734	30.69304876819168	-0.49610323787247923	53.26367549614817	-5.031856898004221	16.202613876614674	59.95197723411212	53.19929758078051	-77.54196132115615	-45.330188292133414	-19.490641844342225	23.701071598476283	5.503490548506304	67.75930961941455	-10.414906891647844	-13.646876977861549	81.71835491808788	25.06562769136356	-19.44785566731323	-305.32367327616424	-11.577696730069457	-14.7056328063	49.025135933947524	2.382871811455971	-14.270281656156627	57.62146224176615	91.04799426243308	-144.71249739298162	44.590444544824884	-175.0008920885122	28.438505953599932	-128.44307720280372	24.622344830807098	-186.0546468807157	-24.465905976496288	164.7790072617305	23.100540810008564	2.671986648700242	198.00675185813043	-35.429466558512125	-53.65201183121676	8.784597454479908	-129.3543126272001	30.869752006279445	135.2093348250109	-71.39067667249354	41.4842937618155	-77.78041932639879	192.65404859113696	221.92858985891738	-82.70085057557924	-165.85182920401803	1.883567269951073	-101.70037181799314	74.10919644989491	-30.431948046674798	37.0226580052885	16.399731826813202	33.79780750831374	12.511113318246908	129.19191106112294	48.861302200493284	139.47207021403872	-63.2913793436244	-114.11508310237413	40.38947813306196	75.13386667149774	-45.03007848938981	-69.92156394374918	238.86748141864803	-112.8970194363822	111.11349506440818	-62.62985953296665	-49.90117810122309	37.18976907655467	0	0	0	0	0	0	0
0	-328.9210083451804	611.9336817746146	-156.61760714007477	147.22131151408837	7.310969460715807	366.1414648936112	-238.21824981921273	606.5140513563255	-36.65133152499172	-566.5381634707237	20.89371320132864	-248.7174694206766	83.52659422651149	191.06296127225568	223.0586366668987	62.284042059418155	-300.18171281835686	28.33413142886451	-10.414906891647844	430.5415228056073	9.990575710451273	225.14091967592057	24.260987450523047	56.7610750888421	545.907240060583	104.88753155363044	26.548645164864226	-552.917056140052	-242.47072238979607	74.43054852603136	-128.11261131363895	-134.4522747668214	19.33869892633198	7.599756572727202	-758.3348290062182	25.53828475250438	295.3328027909881	-224.1974372843132	1590.919736704157	-143.2804086434555	-586.0421285768416	-45.759947979191566	-1.9359934213294485	-475.5199618348918	-323.5176406663539	435.2813607502565	-79.75033161057236	221.39704533417606	59.665851800567935	-114.98843839265928	87.461340609818	-36.88109490150491	-410.5143287841189	259.3823443568243	-288.8580143284036	145.58623574218402	373.3109953561524	198.93489651604483	269.9365080586127	5.048914701086196	440.2765841022021	5.712696698631107	20.063996030836947	-187.5633970760928	76.73261569409415	-650.723146100462	-0.08461726394103869	18.94602921160564	271.3579370800227	46.93297017003963	-148.48510591701972	113.75701401752978	224.46569040022092	-136.39345257297325	-339.05527651598794	178.28199878924895	60.321272000313066	186.65325593026012	235.7287737342365	-18.583839998662565	0	0	0	0	0	0	0
0	-23.397130286895496	59.66889296489867	-21.602153115831296	13.461970743099576	0.4086766718733096	3.240548590451576	-10.478321677455078	11.259051995828937	-11.251201881918197	-9.425742164930938	-2.832948621786686	-16.481578904769567	-9.027009477181869	18.91358319355631	13.105921809476333	5.016429181987613	-10.230094656429992	-0.5714698345188475	-13.646876977861549	9.990575710451273	2.893751511491282	-12.084287756202494	-4.530950300972606	4.906304176497989	70.67462096376578	4.229076728336491	3.4086798456252874	-19.909406909004208	-4.934909428446033	4.203311193966104	-13.7995347672181	-20.553828826561023	29.09198009746059	-8.714654849934524	20.79639985652125	-5.177212220403237	30.93989880426304	-9.014839586838173	66.22030619013984	2.221770368402209	-43.50464415385712	-5.4291990669436245	-0.5662112851360844	-48.06907546452959	1.0822802232788267	18.66355500395021	-3.211887411960525	29.76034551823229	-5.032008741205811	-28.964962445609068	15.785712528960525	-8.916351904476137	7.891237840661778	-33.483141519939885	-49.38453915439314	19.10118124261439	39.80318714165091	3.2865979131654957	25.162174939493195	-14.62324716785347	14.144573874301098	-7.246613909574932	-2.887358830352639	-10.162739651150346	-1.0724144872559116	-37.628178608529176	-9.704136848813492	-27.346886046134145	17.561307036133584	23.523897466063413	-10.752589067404331	-12.826368980639304	13.072219199600061	11.374805791628518	-53.67184699987876	25.698991255154965	-20.954262038194127	15.871285319727022	14.246745859080676	-7.72688133553939	0	0	0	0	0	0	0
0	-69.49478096754929	24.341483624591792	34.93326346626131	11.665292190671753	2.26885817259208	225.63826869712108	-92.38037602516451	335.4647173265611	48.462642050112215	-320.4493400063387	32.49902904516413	-60.419895972522966	114.97720897318341	5.758185044398802	65.08026921360145	9.349225080244965	-135.74593557769876	22.807646494468287	81.71835491808788	225.14091967592057	-12.084287756202494	230.27748253047582	45.80883384301184	6.343867604153514	-91.71018196472983	43.17542009627356	-4.2755336208408545	-243.10344842982528	-131.29062584427348	22.820777996411742	3.40525498591592	43.05194217939553	-176.1340312348006	61.786030891175976	-646.1968415074344	50.87167287262163	-2.1825407421908567	-92.44902300252686	641.391493510019	-110.99017652014395	-112.00023334244324	4.468802888685627	2.377183322773373	-7.850171417081855	-225.02627388878093	171.94040045570895	-32.851822694637825	-44.33128771316101	72.92296540954489	110.85850777312478	-43.7111430126055	33.125944085344045	-327.91923627479235	392.491291395309	126.47778655517077	-26.104241555080844	-7.271871941633527	112.67361821025555	18.27367765714489	98.48665714808479	204.68996963349935	50.96887964773381	32.29374966028585	-60.30070763904477	58.67625106362878	-193.79336712614116	63.04213673656411	190.5834955183743	68.65452790924454	-121.3354625773767	-30.134044439429644	160.05127909543057	66.24749840806557	-165.8654152551424	120.5317763100329	-46.974456794660824	176.8957681619199	22.568803414495882	66.19954298936435	37.72050428887359	0	0	0	0	0	0	0
0	11.63287588078565	-52.52843911828726	25.55838471838024	-10.927865711602951	-0.045436888652603535	30.689372273470763	-3.950105569851119	39.563703327823724	17.837758745496583	-39.04419944465278	7.5263411589153755	6.480018765828076	25.690012174721797	-16.942935223986698	-2.605537038353793	-3.3241305611844574	-10.66824357376271	3.9483816758700327	25.06562769136356	24.260987450523047	-4.530950300972606	45.80883384301184	11.114946158401992	-3.6698589973839297	-80.24174623309433	2.475077430874718	-3.8480218339076506	-17.61002103944288	-14.986565727759457	-0.5443085459039919	13.49913202012373	25.7855537265207	-53.72261991622278	17.442279115166375	-116.20245450087342	12.4803420032645	-29.45107069086071	-5.33799278979034	33.572305621713305	-18.687840421325458	24.20485874202313	5.778900718224178	0.8884541757361543	44.075114896165665	-34.66707711807416	8.14173475606521	-1.8888974757113615	-34.643242921477714	15.640998225758985	43.84237220919037	-21.395744301523916	13.346585758888997	-56.4622027967292	90.2081705248176	65.39953014200033	-21.883931970732306	-38.555377158595704	13.754363428507599	-20.95348615367579	28.492088802208603	17.292655521181317	14.442871241808572	7.546863694954944	0.5497159855287983	9.783387393794477	6.442585623860166	18.561536243076592	54.240542866622796	-6.265072652596802	-40.287148412658006	5.615796426892319	36.006418975109646	-2.39927532596663	-35.509406926450474	68.54619994760294	-31.215394930304956	46.176229077039686	-11.565422891031815	-3.5120655566003025	12.913926051207538	0	0	0	0	0	0	0
0	-64.61988419950752	141.98314894086164	-44.87476831199605	32.954237616895355	1.2861438038573243	41.18439463942174	-38.08087859915284	76.16521375582899	-18.855704424624058	-69.67376460049567	-1.7189476930589422	-47.2310019017726	-3.7730057771183128	44.71309155668231	40.09950239089767	13.02643583771991	-43.97652608521093	2.078422034539382	-19.44785566731323	56.7610750888421	4.906304176497989	6.343867604153514	-3.6698589973839297	12.322622871159846	150.18375969666803	16.24853900089754	7.265494889176532	-82.43974119049348	-31.034046044027406	13.151389866442646	-31.48803528152538	-41.232574992558035	41.17040472935034	-10.986185759456765	-48.208890571243856	-4.412810264067591	71.41286360872547	-34.697831217057704	249.25241337752814	-11.41094579844666	-117.58486047717912	-11.921515332246253	-0.9581077029166859	-112.62641855854427	-31.0699772549848	68.93179748190947	-12.34950899896801	62.38828265607792	-0.7855457371407665	-50.61659331723527	30.07865101514902	-15.73063164707045	-30.63657614107227	-19.06616658645493	-95.63150685337045	40.39341463426805	91.20420495598171	24.434090855896418	61.06895557472922	-19.20946981799036	63.34093052731058	-9.196506517167789	-1.8757381743095847	-32.5620894093488	6.269379604006316	-116.16496668816625	-13.092998806616826	-34.96794439481036	50.963312535004754	36.43729431734599	-29.42813861830217	-5.856212187325746	40.195537109847734	1.6229460272094047	-106.45952877137	52.577030526654376	-22.1882793791669	40.16764510900235	42.91168794965637	-12.287054888977018	0	0	0	0	0	0	0
0	-760.590165804517	1766.7409213376106	-590.1294814529801	405.5808368311427	14.478733036924725	349.7230472162656	-409.92927094933736	707.6916855780062	-273.1184105452858	-637.2679809285241	-45.80677227191391	-548.752089909209	-133.03939930712616	557.7992396276018	455.63227628609474	156.7936546048098	-451.75435582524017	9.145778480421857	-305.32367327616424	545.907240060583	70.67462096376578	-91.71018196472983	-80.24174623309433	150.18375969666803	1956.2395935417621	172.11247795228985	94.51772290270608	-855.3383729161652	-292.372222574275	148.33387422584966	-398.3704039924577	-550.3885626220689	648.6965338797535	-184.11123331236112	-124.89059791329424	-93.35101953292137	899.3535571786653	-367.34999341623313	2655.7792998517693	-60.806142055406525	-1394.7624730026207	-153.1922887315615	-13.814326600138994	-1409.9775469804504	-223.03075230744062	738.5166881541298	-130.78460051365113	817.2887568253212	-64.17163703469235	-718.8417435592081	410.66381679528763	-222.41392301802207	-140.97102110128782	-531.9190342735235	-1296.3522876967254	527.2206851326484	1151.9391700237236	223.2661741478128	754.0894923409795	-314.8121814044662	643.8496148752273	-153.55906762510872	-47.624933903350154	-364.4384727166412	35.12330930310363	-1316.0119698923331	-211.53116718377706	-581.4843327763615	589.5395343944422	548.3951669985069	-347.50301604896015	-192.78830774216286	455.9704362901549	143.90113057796106	-1428.0437079318713	695.9199015210361	-410.64010100947814	488.14184336365884	490.15077540772825	-182.54583742066632	0	0	0	0	0	0	0
0	-90.76260772987196	179.74218673339215	-50.27232985142771	42.64054800659051	1.942281497853522	85.65414206353739	-61.372817239190425	145.85918378894962	-15.943136862053379	-135.50955994808982	2.852573816299476	-67.81489306046534	12.953636133374264	56.31161970378133	59.68895104175709	17.58186960831355	-75.33113152536465	6.0738915192676854	-11.577696730069457	104.88753155363044	4.229076728336491	43.17542009627356	2.475077430874718	16.24853900089754	172.11247795228985	26.763134568838115	8.351061700013604	-139.47453855624633	-58.60378115669378	19.802525429084785	-38.51201866014822	-44.51234438684217	24.028186271983778	-4.144640283896468	-158.85140836808898	2.3304232696589553	88.19238237832418	-57.18954422022096	407.33843470454883	-31.16506328819433	-162.93859164433	-14.093267736496617	-0.8231972622304102	-140.82126157505752	-73.02194561271385	111.81710485329829	-20.346654256678846	70.54186988855052	10.20835867054993	-45.74765402584051	30.58428344026265	-14.420897618757326	-88.26250351084389	36.550043240547836	-99.15536231393841	46.07087427123069	111.94633798830668	47.56736605774682	78.50634183585821	-8.710894487935189	109.90826681168755	-3.5847866916001503	2.626730299046933	-49.61227826704027	16.76938561570655	-173.7207502074685	-6.563740145956009	-14.123586133694715	73.70437309331737	26.563707503252086	-41.101451858976304	17.282939476087087	59.98698600782925	-23.422265803721494	-113.49010883289442	57.974028122909566	-0.38016127555644896	53.2546262917151	63.346712668405885	-9.447523233146926	0	0	0	0	0	0	0
