0	0	0	0	0	0	0	0	0	0	0	0	0	0	0	0	0	0	0	0	0	0	0	0	0	0	0	0	0	0	0	0	0	0	0	0	0	0	0	0	0	0	0	0	0	0	0	0	0	0	0	0	0	0	0	0	0	0	0	0	0	0	0	0	0	0	0	0	0	0	0	0	0	0	0	0	0	0	0	0	0	0	0	0	0	0	0	0
0	0	156.81803196441518	-101.64342649993243	29.047657501274895	-1.0821101595004583	-221.56483710047962	62.83175551167422	-309.7850393856627	-83.98568479263233	299.9690493924921	-41.9650433903436	11.760553578450153	-145.43359132020444	51.71527002643157	-26.82485872202594	5.6933649794843895	108.06808875861091	-25.13484320038945	-125.39467759122267	-200.49031471940125	21.210864677898037	-273.01138086558166	-60.78999336410308	8.440459962902025	309.3819874381039	-31.40091367475951	14.770180726005462	188.69614058865636	119.63039533246945	-10.601635202205427	-45.5339418570174	-106.77697534516139	269.2914206397536	-89.92374338317894	726.1622527877132	-67.95183037377181	96.49902237075219	67.36075893763663	-456.1314206894477	120.61149061515447	-17.66095111962317	-21.124058734121927	-4.163278122612744	-138.39359698575856	234.10688902111704	-119.49970568763987	23.91092304068399	136.13744546817296	-90.12748936745785	-201.9512897037334	92.92674577547874	-61.14154943014323	360.3882202660405	-504.58721346872926	-280.18154967229736	84.96811933438495	128.72173101996233	-105.55660061888614	57.914853899774236	-145.56851484413184	-166.85833461403905	-74.3561005731889	-41.92025233352097	30.889051515258842	-63.451463426418414	84.13736985499328	-94.2266527300059	-278.7957081557467	-16.91736192869982	196.12095789992168	-1.8499363570940273	-203.24109853076996	-28.124763928426262	204.7823827928183	-287.14428022035565	126.475369846017	-245.28065430561813	25.204047728442266	-24.49730512767662	-62.23039552594452	0	0	0	0	0	0	0
0	-156.81803196441518	0	114.43042654213639	16.148911739933627	5.498801994040305	586.7687547076113	-230.46805364807992	865.4972846966133	138.77520278361405	-828.176242107107	88.03431145376392	-140.4594469447962	310.3912079900599	-5.120372309775872	156.25226018304855	19.102760071714187	-344.1689828260656	60.270275736639626	228.32224037415213	578.2648292629774	-34.69811840929205	615.2571902166509	124.66216422644382	11.358831609581788	-315.3132727766672	108.4258289592186	-14.821384655823877	-614.6669975495964	-338.1652340229377	55.20945558133472	23.632984555645375	134.5486770586771	-491.77714311963075	170.9199011623175	-1712.5197298976777	138.59521326391072	-38.725082362025994	-232.20930306183894	1607.0943124561181	-292.70001847357037	-246.54746991496873	17.483036669609113	6.82246306760133	30.75996517731737	-589.7807842026949	429.8474637645925	-82.50670688116996	-147.71947691981447	196.1222488558069	320.89326300913274	-131.18496318434845	96.1658025195239	-866.1950206893557	1062.4123458722415	383.54005591447765	-88.66659893293382	-61.49582018729326	291.22560062351783	20.949899817706115	273.2268107718441	520.3363060788816	141.05774657894025	87.55540081540683	-146.89050742416362	154.6302732836384	-466.77351017434705	175.26151127772368	527.7120000406161	160.84749796897842	-342.4928203623017	-67.35083244254595	432.3506895703958	159.34147355178533	-446.01039930036694	372.56141230351295	-150.29963208365967	485.08594151748576	42.099440842383096	157.96269370607538	106.91501286121839	0	0	0	0	0	0	0
0	101.64342649993243	-114.43042654213639	0	-31.663237315332104	-2.7744943853168027	-218.64467718363875	103.53208674148614	-334.9313519098101	-28.66423799346727	317.9040324488607	-26.438485413765036	82.45872076965696	-95.06048418347619	-34.41790560520544	-81.70256275615935	-16.536135161714185	144.21962151857912	-20.723933802555088	-56.4889656114477	-228.51087971765054	7.0123782451941254	-199.5691428912751	-36.44265002650904	-13.521378715436848	-21.38268972683391	-47.36415026927829	-1.1711775513893876	260.71159943028124	131.8911842270623	-28.048614991216624	17.908213902498286	-9.293916747925472	122.24858029995082	-45.16618408508133	580.1075031402321	-40.24751082245031	-45.31541519172012	101.35587503443162	-708.8168254977962	101.70647021569185	172.68983335379352	4.082434210556538	-1.3841063381370027	81.04865183503789	211.44499907105293	-191.41144943493276	36.02983153970531	-3.593669371517932	-61.352704243028796	-60.62643723023434	17.220226355580955	-17.715871476388987	298.45835691180037	-320.41660321788254	-44.146908095724406	-4.531119268474236	-54.069271246308475	-111.73639204128162	-55.83950345178208	-70.8734950601955	-215.50515751816627	-37.170421787752765	-26.160758050484013	72.6689846300237	-53.92474759842057	241.1494608060289	-44.84040762536599	-138.60487735118272	-91.91053933969587	78.88084547392302	45.004125514741325	-131.92768511767744	-82.75632884852155	139.6567062719213	-31.950254703936395	5.12912372405417	-135.43230381105803	-45.67868416261274	-84.50962052348144	-23.88856371076613	0	0	0	0	0	0	0
0	-29.047657501274895	-16.148911739933627	31.663237315332104	0	1.1299862409259094	131.50457609928594	-49.16030041320343	192.21871092210642	34.35428887721909	-184.294836331892	20.628241974600805	-27.228616479455702	72.47082232184025	-6.27402435850183	31.705246847273894	2.952139990127616	-74.87968453541374	13.752313203591534	55.20547421073806	127.75915404374916	-8.611455099814572	142.0794314984234	29.351446575799024	1.234827428955234	-90.26573146574098	23.317515731965766	-4.266402541360632	-133.28743818780342	-74.95827134880483	11.318278934533554	9.066600514717482	35.91841938454071	-118.82394627140536	40.919996660781216	-391.9920173550746	32.6698041883459	-17.110450187417364	-49.94922558743954	344.65648202536516	-66.63770787771625	-43.849685121556654	5.413738526830836	1.692464687440259	19.949306065942157	-133.35406296650274	91.9272606902407	-17.74516561640128	-41.38156997578161	45.60924974433528	80.23625213204029	-33.86907506216499	24.109222217317864	-197.55900175122895	248.75407397205637	99.89646664226805	-25.173761001806874	-24.646562307900734	64.81426658755181	-2.0834105961870133	65.60069520660524	113.56558362659173	33.78544641607919	20.53492005978809	-30.389679406110456	35.17656248591536	-95.12556577304677	42.16730798367565	126.45895674466853	31.536169365530554	-83.63677325693693	-12.284999563690368	101.01451417765541	32.41132933628888	-103.70344368426143	98.5798874468527	-40.86450862810676	115.11192749743363	5.202668252552582	31.782384848809432	26.21244373962986	0	0	0	0	0	0	0
0	1.0821101595004583	-5.498801994040305	2.7744943853168027	-1.1299862409259094	0	3.720189126229924	-0.6128603898407019	4.890274274590374	1.9873390214487654	-4.803608820188062	0.8640246263057934	0.5568469261774397	2.9577787487574847	-1.7780558750419286	-0.13759623997421688	-0.33145408598090537	-1.4144819079688742	0.46545953488463293	2.8214273683289206	3.03989464582568	-0.5043243914567571	5.327572721036279	1.2713712818352356	-0.3743442283010374	-8.67264163764306	0.3528849008447123	-0.41564051976722777	-2.375143385698596	-1.8613409275674213	-0.009223556608622112	1.4335636965774088	2.815677183432709	-6.049196933087512	1.9737443075976775	-13.645672112784826	1.4263561991246718	-3.1165051968940145	-0.7596539001308215	4.9045589541764585	-2.209471940708873	2.320559636342906	0.6200718340374034	0.09890690024485739	4.640495146684248	-4.139190127391084	1.2241124948616415	-0.26910225197822235	-3.7543138534381977	1.8069818675251503	4.867095224595472	-2.3532318886525827	1.4803353869086384	-6.659852946425625	10.362188341394045	7.177939034500361	-2.3675583213309266	-4.08926225756309	1.6917484647818817	-2.1753392085630625	3.218959743257218	2.2603251392254284	1.6339285109109354	0.8657587184333446	-0.06951412099552268	1.157902835871651	0.27066798302276585	2.0946662822232653	6.134497846655395	-0.5167102734296004	-4.5136094684811985	0.5296167330104912	4.143219220913455	-0.11333211599448105	-4.1030064110592575	7.497843434410006	-3.3977103932809274	5.253434921535489	-1.1742801401414296	-0.23101428415414563	1.4443415629596132	0	0	0	0	0	0	0
0	221.56483710047962	-586.7687547076113	218.64467718363875	-131.50457609928594	-3.720189126229924	0	90.52470336411668	-63.7145038882149	118.1781855603615	47.71306281785176	32.63953966759494	154.44747520580975	105.6263085844107	-186.26946002419012	-120.39443034709397	-48.29284303405474	81.9087358097185	8.892898357444583	146.5998427238602	-66.83989249480311	-30.340832879178173	152.2477265348501	51.326473714068136	-47.630465471695	-712.1205908576981	-35.69918616555684	-34.32502504402599	162.40220230259	30.163284385553165	-38.335934149373315	136.9846038622378	209.42832102106274	-312.7909993687591	94.9801670047461	-297.5114864875404	58.438337249863146	-306.3582294709892	76.03862654532881	-563.9142561332048	-37.744525710041174	414.42392491831504	54.33884968025326	5.9384982048564074	474.3696305664144	-42.673181640546694	-160.18814595565158	27.10404205491027	-300.67816127693783	60.134669868131006	302.26143404574617	-162.35719566684335	92.90379599617569	-124.6424809421698	386.96310482635226	506.4646456032875	-192.65155061830643	-394.7542107037833	-16.503444361002153	-246.30067957356943	158.6399347571562	-110.83528763905903	78.92204576657832	33.14858677103984	91.96034969120329	18.943643348854074	344.67603204378554	104.94626976414207	297.58176775229595	-163.95799623036783	-249.92842848733963	102.08048698690024	149.61172443922732	-119.89523582587702	-136.07926336007102	548.0287057732013	-260.8799591116999	232.40335318703112	-153.78782114129368	-131.52011294313704	81.7906213900168	0	0	0	0	0	0	0
0	-62.83175551167422	230.46805364807992	-103.53208674148614	49.16030041320343	0.6128603898407019	-90.52470336411668	0	-108.50054088354412	-67.82719794933841	109.02774119357186	-26.40162923653915	-38.99348601746654	-89.37347355815226	73.95192695959577	23.18184194367837	16.02110844321866	20.925531668326716	-12.791202238100224	-92.80552698501927	-62.95971267934526	17.270226975650125	-154.7188924350144	-39.392209877204664	16.955650296258394	328.34857936254014	-2.7058258273082765	15.768602347176373	31.041237287977104	40.323609367717175	6.539865164948173	-57.450134619368946	-103.01590893912092	198.72617941870192	-63.674773540240956	381.05681665740985	-44.33511533137299	126.30420564188702	5.958401820199606	-26.445707535257238	59.98187436001523	-124.73881438756615	-24.040161509167223	-3.3850397662412544	-191.06603971343537	107.7503448304398	-3.397529124071148	2.0830682236756584	140.88850466218543	-53.87646916851641	-168.22704183019	84.00860878108061	-51.3264169998559	182.59008583607337	-315.8947959929656	-258.09787874464104	89.34788202231198	164.53692313419361	-38.44716377127585	93.50865111138204	-104.46229881672653	-36.74240757828869	-52.76051373840429	-26.527685457286292	-13.45794766881613	-31.296424842659142	-63.367860676293624	-68.25901776192747	-198.2962830704367	39.583580489598084	151.0042563131868	-29.70399647782262	-125.46533922679234	22.509177439368315	122.25750176180343	-272.72945127465226	125.65482642154892	-166.1196317122365	53.90904025713414	27.287851179498812	-48.61979257411649	0	0	0	0	0	0	0
0	309.7850393856627	-865.4972846966133	334.9313519098101	-192.21871092210642	-4.890274274590374	63.7145038882149	108.50054088354412	0	189.38447389821172	-19.549970908330007	57.70330332660569	212.5617041461688	189.50515719960853	-275.307695848219	-160.61781845557374	-69.15876366936155	83.44553463172699	19.661698082349368	241.03056434388893	-35.799262627129885	-48.52112803254502	291.3767973903988	89.24420593252466	-69.02261902819787	-1084.6325088072465	-40.88365407820191	-52.23957972728836	172.80310429418878	7.771733887716645	-50.5514371757376	204.62160878726039	323.5215642736529	-514.7736564111123	158.65731193578637	-624.790815408894	101.24729203745093	-456.09034737319223	86.94417324530203	-657.2794436838531	-87.45697613856154	584.5132844036542	82.04944362392061	9.500239875425173	703.0460974770574	-126.98548160538078	-189.60601867642288	31.020058175240525	-459.5473142970934	109.99601590313888	480.6868178066888	-253.72533157748077	147.47741572293228	-277.90660889606926	686.1418383594121	788.6937336650318	-293.7933230631979	-588.94900314403	7.279883849327326	-361.02426248313344	263.6659539772985	-106.98366332510707	131.72862398758448	58.40215671440897	119.69345093377675	44.7328914814828	457.7202263246147	173.82897596939677	496.24169301307	-224.37609526862386	-405.83983800842765	143.257729314544	267.6276636967248	-159.5460517761158	-249.15021989354744	848.8095494851259	-401.1242262772079	395.47347977028824	-222.2691572848718	-176.8427257594096	132.25243693835068	0	0	0	0	0	0	0
0	83.98568479263233	-138.77520278361405	28.66423799346727	-34.35428887721909	-1.9873390214487654	-118.1781855603615	67.82719794933841	-189.38447389821172	0	178.08336716303313	-10.011058720150134	64.81722479378297	-37.53294156237424	-43.02285282873973	-59.944176988600674	-15.269011067201046	88.68939751949573	-10.035500373268134	-11.313290176386895	-132.27358701018	-0.18745810607756994	-87.90817311882144	-12.968493154109982	-13.552687579932762	-104.91616748320989	-30.280633368876998	-5.1330237691690455	162.20636884239218	75.24202563521074	-20.186198100746324	27.638081978536736	22.432583685454322	25.06898329134313	-11.960609358811173	274.54641416300245	-14.092670515174026	-64.65658770285161	64.75182875617232	-457.0468399455463	50.02439658181035	147.67026392048834	9.33037297535363	0.030420819248065382	105.99675648148518	108.69229659584234	-124.45914201811911	23.027575582029826	-41.361188466136774	-25.277710160133353	6.857570704163184	-11.977379118658108	2.6041657156486546	144.97716457427111	-122.45553198526973	42.535778870965764	-27.705633763732983	-80.97675755502551	-62.55749239158293	-62.47136986692111	-17.509725160939706	-131.01173065968737	-9.744086744064846	-9.794210252550705	51.33379986275288	-26.663003196142412	175.52899999403647	-10.477973621020748	-35.90354177804849	-71.17279047615999	9.86983660374509	37.70759652483957	-51.69331594088556	-60.44829689519516	57.64497869315783	54.5771444068122	-31.428959483467672	-42.7336216219434	-44.85101053055515	-62.919974139754395	-2.189128425122428	0	0	0	0	0	0	0
0	-299.9690493924921	828.176242107107	-317.9040324488607	184.294836331892	4.803608820188062	-47.71306281785176	-109.02774119357186	19.549970908330007	-178.08336716303313	0	-53.22655251828676	-206.56856424442483	-174.32236071770967	263.32051396433485	157.22127712118342	66.60806963518571	-87.62142208257117	-17.452474272396046	-225.47972975171757	47.317490310208164	45.64508632186362	-264.9148472031078	-82.58002731930962	66.30287476268484	1030.739813602197	41.569850577368584	49.652173321400504	-179.2358568907431	-15.075132047024598	49.61869122310345	-195.2643108730776	-306.5318116064489	481.4678114293455	-147.95509997619953	559.1666285568717	-93.75080764603024	435.54858274037775	-88.44023562446836	665.2382126670998	77.07420251681337	-564.877579454033	-78.11648658476945	-8.936474026446144	-672.035289880944	108.18770138311109	191.13948520119996	-31.546117372689622	436.39450178171336	-100.82284991615674	-452.71077722953896	239.82123698067048	-138.945847010493	246.35728768531075	-632.5568531187436	-746.0210759773269	279.12187027327406	562.1639019831899	-0.38772487828086155	345.9297819168668	-246.12474989937155	114.1238564837934	-122.86213236040331	-53.90608840123119	-117.85014158857008	-39.31115813194454	-448.5264510733831	-162.37447895644692	-462.92326195813206	218.33403598769928	380.6033746024422	-138.60165346846773	-246.32131512196605	156.26550558481097	228.332088378227	-803.7926293772005	380.4323903997328	-367.4631104082031	213.6356537791316	172.78518693722012	-124.1345787464494	0	0	0	0	0	0	0
0	41.9650433903436	-88.03431145376392	26.438485413765036	-20.628241974600805	-0.8640246263057934	-32.63953966759494	26.40162923653915	-57.70330332660569	10.011058720150134	53.22655251828676	0	30.985304994330544	-1.4184238532735387	-27.661624673699855	-26.754735143818827	-8.308098276633979	31.433671575704206	-2.0183656039203033	9.29409302725452	-42.19464916611792	-2.621993258669369	-11.38214609481195	0.7661878974358085	-7.7779572110918	-89.30156112317624	-11.387318028173356	-4.325412272925619	58.55699307691719	23.336214534774754	-8.822706970533682	19.237519812274083	23.9366378070468	-19.573231525623253	4.742527081974776	50.624094338185614	1.0581593110521788	-43.80953607626214	24.325107251819787	-174.00146309682407	10.618800816594819	75.89143158547152	7.180077183902413	0.5114613622496262	69.4597528769592	26.404727609640073	-47.94406016189226	8.655993645297928	-36.894430722347956	-1.887328962222185	27.499025312338556	-17.06155455642088	8.589268166594143	29.482469220180228	-1.0406474614438277	54.651334490718135	-23.971810910636187	-55.805152554014164	-18.675736935187313	-38.118433613819256	8.602639551749014	-45.57305671151654	3.9943981745691426	0.10301338226046751	21.96794649776426	-5.75928815721326	77.67726091587855	5.996259208669945	15.292445609765045	-33.54629475061206	-18.445885251534524	19.061828807643572	-1.6032931688670187	-26.85168007464096	4.393434119322725	61.49798619070432	-30.779888370274147	7.88468593444273	-25.41497173096404	-28.519092160639314	6.323997664036368	0	0	0	0	0	0	0
0	-11.760553578450153	140.4594469447962	-82.45872076965696	27.228616479455702	-0.5568469261774397	-154.44747520580975	38.99348601746654	-212.5617041461688	-64.81722479378297	206.56856424442483	-30.985304994330544	0	-106.98482286776499	45.93655285290971	-12.308480846573664	6.532067242275836	70.98396834475614	-17.992920409959197	-95.19103725647781	-136.209107770474	16.396056046909422	-198.39084846444703	-45.09961448638744	8.411841862556518	253.46169514977012	-19.993920075892333	12.117890423015849	122.91527414708908	81.79039522700168	-5.355290117411201	-39.01168273018528	-85.54799349226344	204.31931308124925	-67.72516192509191	521.981862390095	-50.469451648746585	83.52847400822637	42.919458379736184	-288.0258587046333	86.07880642440023	-34.30844073829804	-17.60934876535013	-3.217332814446497	-121.65012936210336	165.45530715246088	-74.79763835736105	15.229055290774854	110.85796230363151	-66.01760630327578	-156.81923654399955	73.39482191945007	-47.551579700046446	257.8338514218729	-372.2753237742678	-222.19066071400178	69.45506601402181	110.68215844346226	-72.70495185999698	53.44456031575548	-109.89281222672979	-110.42981584856116	-56.02097837306227	-30.981102206937813	16.650798234398753	-45.23599587399356	40.35488446412522	-71.25361156700228	-210.13722283638873	-3.089872232016387	149.97724319189405	-6.707928277871636	-149.61575880531598	-13.241110246402785	149.97185425038126	-229.25041139791918	102.01029450745114	-183.31505302386896	25.73211309827278	-10.095453866580938	-47.72070601761649	0	0	0	0	0	0	0
0	145.43359132020444	-310.3912079900599	95.06048418347619	-72.47082232184025	-2.9577787487574847	-105.6263085844107	89.37347355815226	-189.50515719960853	37.53294156237424	174.32236071770967	1.4184238532735387	106.98482286776499	0	-97.61180400862635	-91.81423122753256	-28.984890180865712	105.2834700935459	-6.145264639257385	36.447862440160996	-139.45271219052026	-9.803680854241842	-30.21802019527166	4.710001901812204	-27.24049131689895	-319.93965573949856	-38.402408794900154	-15.48933504976572	196.5565153008953	76.83020487563302	-30.21753929433073	68.20838946909839	86.56362333359745	-76.93485978316639	19.47508359405938	150.897925383567	5.963925821379635	-155.08752416275826	82.02402098365528	-587.6002499614187	32.72371507472061	263.6054503113363	25.597192158385667	1.9132341883599229	245.39667447561013	83.5950897480956	-162.11530047827537	29.1899237966169	-132.46239514005694	-3.4943857167055983	102.12629820561332	-62.26927114442607	31.83346520083211	89.99295190727852	13.448656225021523	198.8692341171173	-85.9483767207141	-197.748531953742	-61.15460119929045	-134.0603524190175	34.733447193813994	-152.2976493462126	16.35618798234863	1.7739119506885177	75.08781907636022	-17.814657879618128	266.35360441759406	23.965442706571814	62.42066148651193	-115.68585992432483	-70.55476994227219	66.12299166884658	1.3132201037295048	-92.10626554724017	8.304165981119553	222.83225588709473	-110.9453252379212	35.61559817272717	-88.92974564376075	-98.00743904690077	24.019771880564377	0	0	0	0	0	0	0
0	-51.71527002643157	5.120372309775872	34.41790560520544	6.27402435850183	1.7780558750419286	186.26946002419012	-73.95192695959577	275.307695848219	43.02285282873973	-263.32051396433485	27.661624673699855	-45.93655285290971	97.61180400862635	0	50.65281373761377	6.485584157694458	-109.97104616282634	19.055167264387343	71.20149857250738	184.15316385815123	-10.750135157703443	193.98452736495744	39.12604953306123	4.021497613828031	-93.8818061833762	34.731252429055345	-4.40550794183214	-196.54292861152305	-107.61360805247918	17.860749487717445	6.306898705440337	40.88486009928067	-153.38488255746609	53.42960685663306	-541.0423667663694	43.487028387252316	-9.619857807057906	-74.37827461263802	515.0922544980224	-92.58810720574722	-81.88280049948035	5.075799682393568	2.113965987308542	5.625202358696969	-186.85324456833237	137.85273545352723	-26.42823497525519	-44.269642617042294	61.73415541306572	99.22976177885317	-40.22781168438091	29.717073282645526	-273.8855155153779	333.8854996112092	117.33499954324824	-26.466017005176127	-16.077039915115222	92.59344284608065	8.799851158989297	85.35136640396533	166.14770285552748	44.0900096028556	27.505152578069584	-47.43280296614159	48.9219965630085	-151.1848042220595	54.72088081958334	164.92510733735338	52.4917223858246	-106.54320906631702	-22.271283508783245	135.94394915604516	51.62912687578682	-140.39830698187063	113.48713023890299	-45.43600622451634	151.96225767314772	14.706459648287991	51.29287707230984	33.22638283779903	0	0	0	0	0	0	0
0	26.82485872202594	-156.25226018304855	81.70256275615935	-31.705246847273894	0.13759623997421688	120.39443034709397	-23.18184194367837	160.61781845557374	59.944176988600674	-157.22127712118342	26.754735143818827	12.308480846573664	91.81423122753256	-50.65281373761377	0	-8.940489614957599	-48.805604084608156	14.734494488228234	85.88610492495131	100.85059908423098	-15.198975476556317	166.78221109549978	39.24630885365179	-10.353018584818713	-254.3291756828309	12.740602370891592	-12.181587463912663	-82.87212204898123	-61.35318055838803	1.1194096348010052	41.32707047227895	83.37621838554597	-184.19782708735022	60.362228933139164	-430.60350011171	43.99895839586362	-89.5266654711635	-27.3966522169605	179.58067185165746	-70.10789021807965	59.77096167290492	18.057246971408997	2.9812260914632653	132.63258276593112	-132.3760033251741	45.54005383141784	-9.71128762034451	-110.37780052622215	56.2541959619014	146.3315712521328	-70.1513455894926	44.4711053679049	-210.91907920197832	321.0334350632599	213.56340316361937	-69.49450623277238	-117.73802085600703	55.35952544632929	-61.28953923514551	98.30590694671528	77.24905014791315	49.958888982290034	26.79202681414923	-5.65092543127318	36.77191497101926	-3.988831719497283	63.90695032690542	187.52090759776033	-10.657800956808668	-136.82751372922024	13.364109189614322	128.551127627954	0.766783085075893	-127.75025905061311	222.37898981322715	-100.30922976306691	161.41826579564764	-32.314529858107484	-2.6117382184455034	43.71729291503802	0	0	0	0	0	0	0
0	-5.6933649794843895	-19.102760071714187	16.536135161714185	-2.952139990127616	0.33145408598090537	48.29284303405474	-16.02110844321866	69.15876366936155	15.269011067201046	-66.60806963518571	8.308098276633979	-6.532067242275836	28.984890180865712	-6.485584157694458	8.940489614957599	0	-25.659538985441632	5.249941897414365	23.56429449718657	45.416914224485986	-3.843531917284364	55.59408274972064	11.93105049611699	-0.6157844621738807	-49.13493253812759	7.761556003366457	-2.337325410733683	-45.30180980481439	-26.850029854610536	3.29584594389006	6.40471736867419	17.89188164177743	-50.65792538451902	17.159385565968257	-150.63129443159215	13.309315385736463	-13.160946310813262	-16.636025191216472	113.91000986366363	-25.318902118896197	-6.799676068884067	3.2079546474775182	0.7548422455515569	17.97514834155548	-49.93000419897524	30.1626837415119	-5.908156159487364	-21.946595114894517	18.099189953040277	36.250866229735074	-16.082596959227015	10.9392991352858	-75.3483126436126	100.03766481056634	48.05489743803163	-13.569465704601852	-17.912853882559247	23.431463877581294	-6.294289759444975	27.652051965247427	39.2169137543895	14.178854024133857	8.285254947817181	-9.095684934050839	13.343265685096748	-27.195647669844462	17.841168231578184	53.120323204273255	7.900442330673482	-36.32482924071603	-2.2198593875288357	40.454507286767296	9.210992923474977	-41.13818183059199	48.50447549460771	-20.86328508207966	47.490130488304345	-1.5417831190448243	8.719057327406295	11.462192723557823	0	0	0	0	0	0	0
0	-108.06808875861091	344.1689828260656	-144.21962151857912	74.87968453541374	1.4144819079688742	-81.9087358097185	-20.925531668326716	-83.44553463172699	-88.68939751949573	87.62142208257117	-31.433671575704206	-70.98396834475614	-105.2834700935459	109.97104616282634	48.805604084608156	25.659538985441632	0	-13.629426942703658	-117.86023755385995	-41.51673571670027	22.640013629599476	-175.18636260512585	-47.50747258040658	26.35201890259823	461.7095385338833	5.803870747761059	22.20228962512063	-9.453816375612531	29.513193688332265	14.77908065297061	-83.64726183642644	-141.62213580193946	252.11602185030156	-79.56977961252566	413.5607935182702	-53.623887680822854	185.1000447560414	-12.185662987642917	106.4247746206777	62.997873027421896	-208.66392107247356	-34.31293826159268	-4.435591007146388	-282.5351925554635	107.35913160453923	33.95465206102589	-4.380517039177645	196.98324357994488	-62.649235042094226	-222.08573779791894	113.5430352149939	-67.91674567103257	194.0236491441203	-375.2782481542695	-350.60609716600226	125.37691663553139	240.12730555763994	-30.97292924655091	141.54311026697587	-131.19070676993613	-7.624845022772217	-65.98235097193715	-31.665400442925993	-33.43443919021434	-32.69667055555663	-137.01133637432537	-86.02145110150836	-248.2113029048545	73.71633411796806	194.40497817309264	-50.473573437508065	-148.10777283391425	48.081569566970956	142.07711121322149	-373.452939954012	173.99979498685698	-204.03063547609645	84.32740427734039	55.092604517353344	-62.89883061249065	0	0	0	0	0	0	0
0	25.13484320038945	-60.270275736639626	20.723933802555088	-13.752313203591534	-0.46545953488463293	-8.892898357444583	12.791202238100224	-19.661698082349368	10.035500373268134	17.452474272396046	2.0183656039203033	17.992920409959197	6.145264639257385	-19.055167264387343	-14.734494488228234	-5.249941897414365	13.629426942703658	0	11.597697411333243	-15.629511673231013	-2.5906006604874885	6.313548178096683	3.382683130154913	-5.064540670519692	-68.36706140422532	-5.31013221994134	-3.3010852082178044	25.996947730286085	8.223373317878576	-4.774435203277041	13.712274302888405	19.472364290227045	-24.675266901066678	7.165527327170453	-4.604600041577593	3.9020168284123833	-30.8808480303374	11.329646756015444	-82.27942216270085	0.5591274906555491	46.30438413590223	5.316476994268116	0.5065768265195959	48.25894863068438	4.555348459863034	-22.968458055793675	4.034454505861112	-28.645529025927225	3.2043933738646935	26.18358370260541	-14.688407209650084	8.085203338350613	0.3250813549652469	23.645512667367598	46.20897225794604	-18.444504650283555	-39.61538316839376	-6.108891754910767	-25.616420576429995	12.153841350136675	-19.270574887100146	5.968690781668929	2.077910889241742	11.671988206556648	-0.3977251571951381	42.477873392283705	8.123400866542179	22.568423952398923	-19.278794246901384	-20.480813545889745	11.506003261192733	8.814868049412647	-14.73003867675846	-7.217851229176758	50.64463674762534	-24.518530687124034	16.519615484624527	-16.43444773783941	-15.90319794046132	6.780795551341755	0	0	0	0	0	0	0
0	125.39467759122267	-228.32224037415213	56.4889656114477	-55.20547421073806	-2.8214273683289206	-146.5998427238602	92.80552698501927	-241.03056434388893	11.313290176386895	225.47972975171757	-9.29409302725452	95.19103725647781	-36.447862440160996	-71.20149857250738	-85.88610492495131	-23.56429449718657	117.86023755385995	-11.597697411333243	0	-170.48379999940667	-3.137093141731539	-94.47514861932348	-11.173870707513636	-21.37178814216423	-198.32019273312557	-40.98058638016906	-9.653468958618708	216.76362079490937	96.22516253192006	-28.710874159121225	47.39863806398087	47.876319814982594	1.1543049733784074	-5.744590317898527	312.0933629533157	-11.887586593829372	-109.53430258596491	87.60377314449896	-620.9497981352	58.44186781657752	222.8578435139416	16.776212764012474	0.6062340556430132	176.90057612375804	130.74747616347835	-169.72629532521984	31.160360382049383	-80.09264118716338	-25.600218430077437	37.4425286545658	-30.40050026836577	12.124216327570132	167.91180940750183	-114.86160303517113	101.24981980113263	-52.811476312742464	-138.24166260830683	-79.18235295626069	-101.0741872474495	-6.534059865613527	-173.1301828972869	-4.5322542105082215	-8.976361386159653	72.48292962410652	-31.26192133834781	250.73953893820922	-2.951320334471828	-16.050548408011572	-103.98555553926393	-11.682328125449533	56.54845569830313	-49.80302503825328	-86.46367654888579	58.48152587624324	120.1660737336727	-63.96181461107906	-30.762831727271276	-70.35983245574793	-90.64264664448505	5.114270013548921	0	0	0	0	0	0	0
0	200.49031471940125	-578.2648292629774	228.51087971765054	-127.75915404374916	-3.03989464582568	66.83989249480311	62.95971267934526	35.799262627129885	132.27358701018	-47.317490310208164	42.19464916611792	136.209107770474	139.45271219052026	-184.15316385815123	-100.85059908423098	-45.416914224485986	41.51673571670027	15.629511673231013	170.48379999940667	0	-33.853634654970584	220.12629166910835	64.7831022170619	-45.6462612999925	-737.717872106627	-22.830822081237724	-35.5158899248733	90.03070686073646	-8.794881034389936	-31.4913297470633	137.6913887504859	221.71980079754798	-364.2770060737123	113.07343368741854	-488.2759371225357	73.37903377032015	-306.3294835626466	48.48523087746199	-372.67453015151773	-70.5394913264499	380.3330903544878	55.5428516987373	6.6295918405478895	470.99860716056673	-109.23772575284349	-108.90186652090958	17.312739902525422	-313.14748455238424	81.60379067440542	334.4343511454833	-174.9477013636015	102.51178023558148	-221.50590668058638	502.3762399782579	542.8142950130442	-199.9596621748646	-396.03821505366324	16.90977292526195	-240.3446506616514	187.46455833378056	-49.95652152280123	93.84638751705599	42.64176516994929	73.89502225628094	36.283311540801265	286.50969267294596	123.3896603361328	353.3816035847266	-143.25935481352684	-285.3202423906813	92.92899893048595	196.69328159274525	-100.00674139742014	-184.9129461366947	582.5253781475692	-274.2199801428057	284.2921955101971	-146.7633805380643	-111.62020074303983	92.78412874295644	0	0	0	0	0	0	0
0	-21.210864677898037	34.69811840929205	-7.0123782451941254	8.611455099814572	0.5043243914567571	30.340832879178173	-17.270226975650125	48.52112803254502	0.18745810607756994	-45.64508632186362	2.621993258669369	-16.396056046909422	9.803680854241842	10.750135157703443	15.198975476556317	3.843531917284364	-22.640013629599476	2.5906006604874885	3.137093141731539	33.853634654970584	0	22.810870271874027	3.410920933726879	3.4039371155522575	25.806379681749323	7.717562512650131	1.2633948596471598	-41.38693360815482	-19.269642382194373	5.121754734685914	-6.878456867107794	-5.427094968414004	-6.932320351245236	3.2214037650460994	-70.95842409263771	3.710821069607704	16.11384858823697	-16.503641080147368	116.44679959374173	-12.903035925323065	-37.25519776666793	-2.309267383012239	0.0016096594534109614	-26.460936312275404	-27.97313416519379	31.699297497568303	-5.869060746427564	10.142043919528597	6.585136733737558	-1.281142116099979	2.8175122522246108	-0.5212212967329697	-37.41886156138892	32.05280385620589	-10.117180672391703	6.807499245403569	20.16364001588916	16.03470817041719	15.648085348226628	4.747051953168795	33.45988122342941	2.6268662293050298	2.567127480532063	-13.03346740684981	6.875455564686452	-44.518230781296595	2.856563365878495	9.68983801887471	18.01268547015424	-2.9304069203306686	-9.519050105089086	13.5089583824074	15.329194059821855	-15.015510835816979	-13.14272669566552	7.655192368337745	11.339991031622649	11.271016177520812	15.945327810863944	0.6917714491108163	0	0	0	0	0	0	0
0	273.01138086558166	-615.2571902166509	199.5691428912751	-142.0794314984234	-5.327572721036279	-152.2477265348501	154.7188924350144	-291.3767973903988	87.90817311882144	264.9148472031078	11.38214609481195	198.39084846444703	30.21802019527166	-193.98452736495744	-166.78221109549978	-55.59408274972064	175.18636260512585	-6.313548178096683	94.47514861932348	-220.12629166910835	-22.810870271874027	0	21.47260025618525	-52.89024406035696	-664.8813212530747	-65.56546615899782	-32.145877218965076	329.77348243949695	119.37081705514754	-54.52228491699544	137.50339236382075	184.68527726353526	-200.37699426156664	55.24333742391708	132.3880211177954	25.31457397836807	-311.18442529470104	139.9812950649497	-1008.2826520729974	36.369219328189345	498.51596397124547	52.44078717745847	4.456609536953545	489.41970572881974	108.28422816531007	-279.4971722435039	49.827832634548734	-276.948022260959	12.166839916400995	233.67510585439254	-136.20155977270088	72.4624536326211	94.05586031442809	130.08867237554884	431.5378268157766	-178.99890335762814	-397.96387557352176	-92.86843918142424	-263.69474761546553	95.44850385628973	-251.2271249977674	46.15384626473012	12.040170134706598	134.53854100763658	-20.25822725945503	482.5233287721741	64.56679929487366	175.10538724380086	-213.65316566884002	-173.19686605050282	124.51202306353343	44.694403781175225	-167.0603320628595	-26.960665151930915	477.9684865701776	-234.54809452442103	117.82256937518127	-172.1778913260596	-178.8918637849895	58.02064269576771	0	0	0	0	0	0	0
0	60.78999336410308	-124.66216422644382	36.44265002650904	-29.351446575799024	-1.2713712818352356	-51.326473714068136	39.392209877204664	-89.24420593252466	12.968493154109982	82.58002731930962	-0.7661878974358085	45.09961448638744	-4.710001901812204	-39.12604953306123	-39.24630885365179	-11.93105049611699	47.50747258040658	-3.382683130154913	11.173870707513636	-64.7831022170619	-3.410920933726879	-21.47260025618525	0	-11.112939515832652	-123.71240809480099	-17.068825134550924	-5.996063135510871	88.2700366903915	35.98870788083026	-12.974015961637487	27.03586258694587	32.724780347327204	-23.436858578478965	5.228153916802474	86.59147697626025	0.29218669791373036	-61.700044015714106	36.46687774023529	-260.3841025382328	17.584347255705616	109.61285021634228	10.01528444298189	0.6648838474063186	98.0916993002968	42.52379926422104	-71.63291359842405	12.975515145850352	-50.95920706638502	-4.379485681915843	36.147536369826916	-23.018502121389872	11.325989472354012	49.28778892849525	-10.720102544673116	74.05169392250605	-33.17391259510912	-78.48841690354868	-28.98064712899298	-54.16045076262929	9.803911391593727	-69.06297283394339	4.428654879187172	-0.6161463228064025	32.38643474318581	-9.501308708347782	114.05838820660748	6.965731784138568	17.062243044345458	-48.90358134881607	-23.13972914615881	27.578931281238777	-6.033236965751162	-39.410475330837045	10.103137754904283	83.84253692742473	-42.27817175295279	6.94337270471541	-36.355614179808256	-41.75963660048005	8.024669413406146	0	0	0	0	0	0	0
0	-8.440459962902025	-11.358831609581788	13.521378715436848	-1.234827428955234	0.3743442283010374	47.630465471695	-16.955650296258394	69.02261902819787	13.552687579932762	-66.30287476268484	7.7779572110918	-8.411841862556518	27.24049131689895	-4.021497613828031	10.353018584818713	0.6157844621738807	-26.35201890259823	5.064540670519692	21.37178814216423	45.6462612999925	-3.4039371155522575	52.89024406035696	11.112939515832652	0	-39.38071965085999	8.110301750132654	-1.867586882856023	-46.75125543803993	-26.86637232854226	3.739464021516401	4.570173653134378	14.976048194727198	-45.97469498762489	15.712933076316297	-144.77167378100376	12.381616597656594	-9.074043558704407	-17.377420244576545	119.53813579676799	-24.49034942624795	-11.990752947122303	2.4710774153799027	0.6687668515880791	11.679892902626094	-48.7010436957833	31.791543867173406	-6.17272575369306	-17.81161652473707	17.08416392465	31.89950396145316	-13.791785674705606	9.604636350965567	-72.72552370036341	93.73137690506333	40.93782742032764	-10.926839321839456	-12.633633074644557	23.32051759694675	-3.06736589202995	25.249954710444737	40.09228661705136	12.97803997740851	7.748936312895878	-10.143520879961642	12.918700061260061	-31.217617510572143	16.258286234905395	48.59725259420633	9.882717648938822	-32.639753283640054	-3.491045527563987	37.991932592046425	10.613446455211015	-38.83878304548105	40.85125371552491	-17.250633884344243	43.87537600811001	0.440319968300122	10.276487566543336	10.262062653804493	0	0	0	0	0	0	0
0	-309.3819874381039	315.3132727766672	21.38268972683391	90.26573146574098	8.67264163764306	712.1205908576981	-328.34857936254014	1084.6325088072465	104.91616748320989	-1030.739813602197	89.30156112317624	-253.46169514977012	319.93965573949856	93.8818061833762	254.3291756828309	49.13493253812759	-461.7095385338833	68.36706140422532	198.32019273312557	737.717872106627	-25.806379681749323	664.8813212530747	123.71240809480099	39.38071965085999	0	150.77267134321755	0.45762966106160025	-833.2491999059265	-426.6166324789842	87.6045607041844	-44.93001480874262	50.75143121366801	-428.7506347333987	156.39393366069018	-1918.4921357615701	136.80026610425543	117.63047519170924	-322.6773967997812	2253.450938566013	-334.94687403107656	-521.9175212999652	-7.982241881275842	5.088766404989208	-217.58185847257602	-692.8446968220823	607.7567620548042	-114.69763602748095	-17.700782492759135	205.705282027532	227.01900362701346	-71.96384339000957	66.7858467704292	-984.2614772939095	1081.433016600611	193.31592790943387	-4.082902968647737	137.49675943895213	362.3088314380301	157.78060378519487	246.34774729217395	691.0559428411917	128.78149473315926	88.44679264595986	-227.68777766920445	177.4842619977016	-751.7100255163906	156.3075375858649	480.5353010036835	283.3159508702733	-281.35519747794774	-136.59426543964116	444.3168862422183	257.8100866461473	-468.1666993809849	157.65653423987072	-42.21858934547633	463.8280808393391	133.73448953295585	262.38364396246595	85.80333089217348	0	0	0	0	0	0	0
0	31.40091367475951	-108.4258289592186	47.36415026927829	-23.317515731965766	-0.3528849008447123	35.69918616555684	2.7058258273082765	40.88365407820191	30.280633368876998	-41.569850577368584	11.387318028173356	19.993920075892333	38.402408794900154	-34.731252429055345	-12.740602370891592	-7.761556003366457	-5.803870747761059	5.31013221994134	40.98058638016906	22.830822081237724	-7.717562512650131	65.56546615899782	17.068825134550924	-8.110301750132654	-150.77267134321755	0	-7.244473449548697	-7.38709778104283	-15.000363362656605	-3.7249304579345526	26.750482907929484	46.88510995886592	-87.71882750877137	27.949689859234134	-159.1657521771852	19.230678847071587	-58.96632810762068	-0.07691620066505743	-6.426571979048876	-24.782563526546006	61.57913706680725	11.104655709430782	1.5124236978748793	89.52764735526819	-43.76778569032856	-3.448254302438813	-0.011323133441313115	-64.54799048067557	23.04409700460278	75.37649973589252	-37.98244158657861	23.01794680253268	-75.73157442764501	136.14230631130974	116.92155784658115	-40.99354184260946	-76.68592252563218	14.668670116219843	-44.237974114991474	45.93741742209507	11.176761997965807	23.16557397025601	11.45224502680659	8.055994015079238	12.90824551516049	35.2921826421658	30.055417015009688	87.09468316595378	-20.5109027789127	-67.02028981296216	14.76525709120437	53.95028747891713	-12.460410248166108	-52.280757903784384	123.93401207784123	-57.350873068677856	72.45733385363842	-25.856278292355245	-14.692393880344845	21.618388456366738	0	0	0	0	0	0	0
